65225
07085
07086
07087
07088
07089
07090
07091
07092
07093
07094
07095
07096
07097
07098
07099
07071
07072
07073
07077
07078
07079
07080
07081
07082
07083
07084
65539
17732
17733
17734
17714
17715
17716
17717
17718
17719
12337
12338
12321
12322
12323
12324
05748
05749
05750
65167
05735
05736
05737
09865
09866
09867
09869
09853
09857
09858
09859
09860
09861
09862
09863
24972
24973
24948
24950
24951
11327
11328
11329
11330
11312
11317
11318
11319
11320
11321
11322
11323
11324
11325
11326
63241
63242
66778
63233
63234
66779
66780
08928
08929
08922
08923
65299
13647
13648
13637
13638
13639
13644
13645
13646
14901
14903
14889
14891
65717
21888
21889
21890
21891
21875
21876
27220
27221
27210
27211
27212
38542
38544
38531
66183
57952
57953
57944
57945
62174
62175
62165
66743
62166
66742
64223
64224
64215
64216
64217
64290
66820
64299
64300
64289
02002
02003
01989
01990
06475
06485
06486
13216
13217
65402
13205
13206
13207
21946
65721
21956
28125
28113
28114
28124
33285
33286
33271
33284
34828
34829
34838
34839
36945
36946
36934
66146
39005
39006
38996
40120
40128
40129
40130
56573
56574
56576
56577
56578
56579
56560
56568
56569
56571
57646
57647
57636
57637
62971
66769
62986
62973
62987
62988
63679
63670
63671
63678
05643
05644
05635
06836
06837
06838
06844
06845
07403
07395
07396
08953
08955
08939
17097
17088
17096
20984
20985
20991
20992
22129
22130
22118
22119
25337
25338
25339
25327
25328
26736
26739
26741
26716
26977
26978
31766
31767
31754
65996
32161
32162
32166
32167
32336
32337
32338
32327
32328
32329
34746
34739
34741
34745
51077
51081
55367
55374
55375
56851
56852
56845
63206
63213
63214
64089
64096
64097
00639
00630
00636
00638
03004
03007
03008
06336
06342
06343
09969
09970
65332
09961
09962
11771
11779
11780
13337
13330
13331
13335
13336
13700
13701
13709
13710
14626
14632
14633
14677
14678
14679
14684
14685
17018
65503
65504
17024
17025
17026
18326
18328
65601
18334
18335
19262
19263
65635
19268
19269
22956
22959
22966
22967
24659
24660
24642
24643
24645
32263
32251
32252
32259
32260
32261
35514
35515
35522
35523
42835
42842
42843
42976
42977
42963
42964
43172
43177
43178
43179
43180
49601
49604
49605
49606
50042
50043
50051
50052
51228
51229
51230
51234
51235
51236
58505
58506
58507
58508
58500
58501
62249
62258
62259
63805
63806
63794
01390
01396
01397
01398
05236
05237
65144
05243
65192
06370
06371
06361
06362
07964
07972
07973
08427
08428
65278
08436
08437
10162
10164
10166
10156
10896
10903
10904
13159
13166
13167
13168
15036
15042
15043
23782
23772
23773
23780
28206
28207
28208
28213
28214
30847
30848
30849
30837
30838
66038
32951
32957
32959
66111
35457
35464
35465
35466
35467
37885
37893
37894
40838
40839
40846
40847
41031
41036
41037
45266
45272
45273
45442
45443
45437
48122
48123
48124
48126
48111
48112
49179
49180
49187
49188
53272
53278
53279
57279
57280
57281
57290
57291
58364
58369
58370
61811
61818
61819
62113
62104
62105
62112
62504
62509
62510
63330
63331
63336
63337
64270
64271
64265
04621
04622
04630
04631
05103
05092
05093
05101
05102
07939
65262
07942
07943
09530
09531
09537
09538
10189
10196
10197
10199
10975
10976
65364
10971
14190
14178
14179
14187
14188
16196
16197
16202
16203
17329
65520
17335
17336
25694
25695
25688
26173
26174
26172
26778
26779
26770
26838
26845
26846
29650
29651
29652
29653
29654
29660
29661
31846
66000
31852
31853
31854
31855
31856
32397
32398
32609
32610
32615
32616
37147
37149
37150
37151
37152
37128
37134
37135
45841
45849
45850
45851
46275
46276
46270
46271
46741
46742
46735
46736
48515
66415
66416
48520
48521
48819
48824
48827
48804
48805
51349
51350
51351
51352
51358
51360
51516
51517
51505
51506
52866
66519
66518
52867
52861
56697
56703
56704
56705
56695
56696
57084
57085
57086
57087
57081
57043
57050
57051
62744
62751
62752
63286
66781
63291
63292
63595
63596
66795
63591
64062
64064
64068
64310
64314
64315
01470
01471
01465
04716
04722
04723
04853
65131
04862
04864
05301
05302
05308
05309
05310
06557
65204
65205
06561
06562
06563
08491
08492
08487
65556
08713
08695
08697
08698
11565
11566
11562
11638
11630
11637
11717
11718
11712
13270
13271
13272
13277
13278
13279
14455
14456
65432
14460
14461
14754
14759
14760
20073
65652
65653
65654
20076
20077
21076
21080
21081
22088
22089
22097
22098
65782
23577
23578
23573
25075
25076
25071
26528
26536
26537
27774
27775
27769
31902
66002
31908
31909
32305
32309
32310
32311
32312
32675
32677
32663
32664
33478
33485
33486
34009
34010
34016
34017
34018
37589
37590
37583
37584
39629
39630
39631
39634
39635
39628
42228
42237
42238
42239
43526
43527
43534
43535
44685
66335
44690
44691
47180
47186
47187
50853
50854
50861
50862
50852
53297
53298
66533
66534
53303
53304
53305
54559
54560
54566
54567
55774
55775
55781
55782
57532
57533
57537
57539
57540
57541
58595
58599
58600
59213
59218
59219
59501
66672
59505
59506
63426
66791
63427
63420
63421
64384
64390
64391
00419
65002
65003
00425
00426
03123
03129
03130
03131
03440
03444
03445
04800
04805
04806
04901
04902
04905
04906
05474
05475
05479
05603
65158
65159
05608
05609
07461
07462
07457
08371
08378
08379
09184
09188
09183
09724
65324
09731
09732
10108
10114
10465
10470
10471
10472
10473
10474
10713
10714
10715
10706
10707
11201
11202
11206
11209
11210
11212
11214
11255
11256
11257
11259
11264
11265
11267
11268
13139
13141
13147
13148
13547
13548
13553
13554
13555
13811
13812
13813
13801
13802
14797
14801
14802
14803
16588
16590
16597
16598
65535
17664
17665
17658
17763
17764
17765
17771
17773
17825
17826
17831
17832
21250
21252
21239
21441
65696
21442
21435
22818
22809
65755
22815
23955
23956
23949
24032
24033
24028
24613
24614
24610
25249
65840
25253
26947
26948
26955
26956
27272
65892
27273
27267
27927
27933
27934
28168
28169
28163
28472
28473
28467
28468
30158
30165
30166
30168
31153
31154
31163
31165
33229
33231
33210
33211
33212
33544
33545
66078
33540
33541
34582
34585
34586
35305
35296
35297
35301
35302
36832
36839
36840
36921
36922
36917
37372
37373
37368
38128
38129
38132
38133
38593
38594
66186
38589
39461
39467
39468
66248
40183
40184
40174
40175
66249
40995
40996
40989
40990
41318
41320
66265
41324
41325
41457
41451
41830
41831
41832
41833
41825
66298
43066
43067
43059
43060
43225
43226
43221
66320
44090
44091
44084
44372
44377
44378
47665
47666
47660
48047
48049
66405
48053
48054
48055
48045
48905
48912
48913
49139
49140
49133
49249
49254
49255
66478
51637
51780
51781
51776
52558
52559
52565
52566
53215
53216
53211
53492
53493
53487
55347
55348
55342
57067
57068
57062
57786
57787
66603
66604
57793
57794
58789
58790
58794
58795
59311
66665
59318
59319
59320
60351
60356
60357
62278
66746
62283
62284
62277
63090
66774
63091
63085
64432
64440
64431
65061
02237
02238
02232
02591
02592
02588
03276
03281
03282
04513
04514
04510
04596
04597
04603
04604
04595
04774
04775
04771
05284
05285
05279
05805
05806
05815
05816
07814
07815
07809
65314
09462
09463
09464
09472
09473
65325
09784
09785
09786
09923
09925
09926
10274
10275
10270
13477
13478
13471
13472
13863
13856
13857
15324
15331
15332
15368
15373
15374
16442
16449
16450
16971
65500
16975
16976
17605
17607
17597
18297
65597
18298
18293
18313
18315
18309
18489
18491
18497
18498
19413
65638
65639
19417
19418
21220
21221
21210
21277
21285
21286
22557
22558
22552
23589
23584
24731
24732
26256
26258
65873
26261
26262
26577
26571
26572
27047
27048
27055
27056
27057
28141
28142
28149
28150
28313
28318
28319
28427
28435
28428
28436
29142
29146
29147
29140
29141
30237
30238
30242
31323
31324
31317
31318
31654
31659
31660
66017
32457
32458
32451
35117
35118
35125
35126
35368
35369
35365
36055
36056
36049
36653
36659
36660
36740
36741
36737
36785
36788
36789
36790
36791
37102
37091
37791
37792
37795
37796
37992
37993
37988
38292
38293
38286
38323
38324
38319
38631
38632
38625
38690
38691
38686
38867
38868
38862
39095
39096
39097
39098
39099
39092
39451
39452
39453
39445
39446
39596
39590
41510
41516
41514
41515
41608
41597
41607
42250
66281
42255
42256
43937
43938
43934
48977
48982
48983
49333
49337
49338
49331
49332
49376
49377
49382
49383
49384
49375
49661
66433
49662
49663
49657
50057
50065
50066
51138
51139
51140
51132
51185
51179
51183
51711
51712
51713
51707
51888
51894
52324
52319
52323
53374
66536
53375
53368
55047
66563
55055
55056
55046
66585
56316
56317
56310
56311
56829
56830
57305
57312
57313
57446
57447
57440
66598
57667
57658
57981
57982
57976
58299
58302
58303
58297
58686
58687
58680
59250
66664
59259
66704
60555
60556
60550
61060
61061
61070
61919
66736
61923
61924
61985
61989
61990
61998
61999
62002
62003
62716
62717
62711
62914
62915
66765
62911
62929
62930
62926
63071
66773
63076
63077
63112
63113
66775
63107
63477
63478
63472
63758
63759
66803
63762
63763
63757
01441
01442
01437
01494
01495
01488
02111
02112
02107
03063
65087
04191
04196
04198
04351
04352
65115
04346
04874
04875
65132
04871
65142
05204
05197
05488
05497
05498
05861
05857
06074
06075
06068
06657
06658
06653
65229
07202
07203
07194
07379
07380
07381
07382
07374
07424
65244
07419
07476
07477
07478
07479
07474
07603
07604
07599
08595
08591
09240
09249
10399
10410
10411
10412
10452
65351
10453
10448
10628
10630
10640
10641
10776
10777
65358
10773
13181
13182
13178
14297
14298
14290
14485
14471
14472
14473
14474
14484
15102
15103
15097
15098
15165
15166
15161
15179
15180
15174
15175
15536
15537
15532
16411
16412
16408
16896
16898
16899
17436
17432
17435
17938
17939
65549
17934
18160
18161
18157
18203
18204
18198
18227
18228
18222
18223
18224
18778
18779
18774
19239
19234
19235
19238
19566
19567
19562
20373
20368
20444
20445
20439
21186
21187
21177
21709
21710
21699
21863
21856
22140
65732
22141
22136
22498
22501
22502
22642
22643
22645
22646
22629
22633
22634
22722
22723
22719
23645
65785
23641
23644
24447
24441
26502
26503
26498
27183
27184
27175
27601
27604
27594
28040
28043
28044
28653
65918
28657
28658
29070
29073
29074
30473
65960
30478
30938
30944
30945
30946
30982
30987
30988
31739
31740
31734
31777
65997
31783
31785
32213
32214
32208
32293
32286
32816
32819
32820
32971
66065
32972
32967
34964
34965
34960
35533
35534
35529
66128
36250
36251
36246
36268
36269
36265
36339
36340
36348
36350
36351
36686
36687
36682
36865
36866
36861
37000
37001
36997
37857
37863
37864
38091
38092
38088
38186
38180
38185
38344
38345
38339
39856
39857
39852
41930
41931
41926
41944
41948
42433
42434
42426
42427
42659
42660
42655
43348
66303
43349
43343
66304
43460
43461
43462
43448
43449
43688
43689
43683
43838
43839
43831
45766
45767
45761
46000
46001
66369
45997
46305
46294
47495
47499
66393
47501
66432
49487
49481
49639
49640
49636
49696
66434
49706
50413
50419
50420
50412
50844
50845
50840
51926
51927
51920
52514
52515
52511
52719
52720
66515
52715
52925
52926
66522
53027
53029
53030
53705
53708
53709
53710
54446
54447
54441
54442
54827
54828
54824
55307
55308
55303
55320
55321
55317
66581
55863
55864
55858
56087
56088
56092
57831
57830
58452
58449
58659
58660
58661
58741
58742
58735
58813
58814
58809
59154
59155
66661
59152
59372
66667
59378
59554
59555
66673
59549
59550
59773
59774
59766
59767
60465
60461
60464
61149
61150
61145
62649
62650
62738
66760
62735
00598
00602
00603
01211
01212
01216
01217
01427
65030
01428
01423
01562
01564
01555
02051
02052
02047
02356
02352
02355
02547
02548
02543
02718
02714
02717
65079
02827
02832
02833
03245
03246
03239
03485
03486
65097
03483
03637
03642
04176
04172
04175
04433
65118
04434
04428
04445
04446
04442
04686
04687
04683
65139
05111
05117
05118
05660
05661
05655
05715
05711
05930
05931
65173
05927
65182
06202
06195
06196
06438
06439
06433
65233
07273
07276
07277
08620
08621
65285
65286
08615
08679
08680
08675
08848
08849
08845
09312
09579
09580
09575
09899
09900
09895
10143
10144
10139
10140
10586
10587
10582
11042
11038
11039
11041
11365
11363
12121
12122
12117
12230
12231
12227
12878
12879
65399
12875
12976
12977
12972
13320
65407
13314
13315
13319
13357
13358
13359
13353
14383
14384
14385
14377
14844
14845
14838
15429
15430
15427
15609
15610
15604
15605
65467
15731
15732
15726
15781
15779
15780
15940
15941
65472
15937
16133
16134
16128
16129
16130
17152
17153
65510
65554
18067
18068
18060
18277
18278
18283
18531
18532
18792
18793
65621
18801
18876
65625
18877
18878
19118
19119
19112
19113
19334
19335
19329
19694
19695
19690
19769
19770
19763
20144
20148
20149
20385
20386
65659
20382
20703
20709
20711
20801
20796
20800
21417
21410
21416
21562
21563
21555
22279
22280
65739
22275
22747
22749
22750
23000
65756
22995
22999
23047
23054
23055
23056
23450
23451
65779
23446
23447
23546
23551
23672
23673
23669
24588
24589
24585
24921
24922
24918
25379
25380
25376
25413
25410
25412
25628
25635
25637
25650
25651
25646
25921
25925
25926
25983
25984
65867
25980
25981
26316
26321
26323
26326
27158
27159
65888
27156
27417
27409
27410
27415
27574
27579
28384
28385
28380
28443
28444
28453
28454
30391
30392
30387
30457
30458
32517
32518
32513
33054
33057
33058
66067
33126
33128
33647
33648
33644
33645
34125
34136
34137
34210
34215
34394
34395
34389
35346
35342
35343
35345
35949
35956
37477
37472
37476
37967
37960
39035
39039
39040
39745
39746
39749
39750
40471
40476
40477
41670
41665
41668
41669
42709
42705
42708
43579
43580
43574
43911
43905
44048
44049
44058
66325
44351
44339
44340
44348
44349
44350
44477
44478
66330
44472
44476
44610
44611
44605
45486
45487
45482
45860
45861
45856
46370
46371
46375
46435
46436
66375
46432
47111
47112
47108
66396
47614
47615
47609
47610
48744
66419
48750
48752
49084
49080
49083
49546
49547
49541
50270
50273
50274
50511
50512
50507
51339
51340
51332
66484
51823
51824
51816
52583
52588
52589
52622
52623
66511
66512
52618
52619
53073
53069
53072
53422
66537
53423
53418
53419
53430
53433
53434
53551
53555
53549
54079
54086
54087
54078
54212
54213
66551
54208
54885
54886
54881
55002
55003
66562
54996
54997
55077
55073
55076
55157
66569
55153
55156
55183
55184
55180
55205
55206
55201
55285
55286
55280
55667
55668
55662
55738
66579
55734
55737
56166
56167
56162
56304
56305
56299
57140
57141
57135
57674
57675
66599
57680
57673
57768
57760
57761
57812
57805
58031
58028
58395
58396
58397
58390
58391
58943
58944
58938
58939
59912
59913
59907
59958
59965
59966
60767
60768
60764
60859
60860
60855
62458
62447
62448
62455
62593
62589
62592
62697
66757
62693
63363
63372
63374
63410
66790
63406
63409
66807
63840
63841
63834
63878
63882
63877
63968
63961
64419
64415
64418
00972
00973
00966
01733
01734
01728
02167
02168
02164
02176
02180
02181
02482
02483
02479
02524
02525
65067
02520
02570
65072
02959
02961
02955
03344
03340
03343
03368
03363
03367
03422
03423
03429
03430
03570
03571
03566
03599
03602
04048
04043
04047
04066
04067
04075
04076
04065
04825
04830
04831
05068
05074
05178
05174
05767
65168
05760
05761
05766
05967
65175
05963
05966
06418
06419
06412
06413
06536
06530
06531
06535
06937
65221
06934
06950
06953
06954
07234
07229
07233
07246
07247
07241
07268
07269
07263
07289
07291
07292
07302
07309
07498
65249
65248
07494
07497
08127
08122
08126
08353
08361
08455
08451
08454
08754
08755
08750
08751
08867
08868
08864
08905
08901
08904
09154
09156
09160
65305
09161
09162
09164
10597
10598
10593
11827
11828
11822
11826
11911
65381
11907
65394
12593
12589
12592
13664
13658
15564
65462
15563
15816
15817
15812
15835
15830
16066
65476
16072
16073
17130
17134
17135
17588
17589
17584
17635
17636
17629
17918
17913
17955
17950
17953
18031
18035
18036
18144
18141
18143
18183
18184
18177
19464
65640
19460
19461
19463
65648
19844
19848
19849
65655
20162
20159
65657
20235
20228
20232
65660
20400
20401
20394
20409
20413
20414
20743
20744
20748
21333
21334
21326
21401
21404
21405
21400
22702
22697
22698
22699
22701
22919
22920
22916
23337
23338
23333
23634
65784
23631
23633
23877
23878
23871
23872
65801
24058
24062
24063
24873
65829
24879
24881
25018
65833
25016
25030
25191
25187
25190
25436
25433
25488
25832
65859
65860
25827
65865
65866
25963
25964
26303
26299
26302
26704
26709
26710
26702
26855
26859
26860
27284
27285
27277
27278
28002
28003
27998
28782
28783
28777
28778
28779
29095
29096
29091
29722
29725
29726
29391
29387
29390
65942
29869
29872
29873
30060
30056
30059
30682
30678
30681
32701
32698
32700
32893
32894
66037
32890
33319
66072
33315
33318
33394
33397
33398
33465
33466
33459
34871
34872
34873
34865
34866
35162
35163
66107
35221
35225
35226
35384
35382
36610
36611
37045
37051
37053
37044
37201
37202
66154
37197
37324
37317
37341
37336
37429
37431
37432
37405
37912
37913
37916
37917
38020
38021
38016
38017
38070
38071
38066
38737
38732
38736
39513
39514
39508
39993
39994
39995
39996
39988
39989
66240
40021
40015
40321
40316
40320
41354
41363
41364
41365
42752
42756
42757
42758
44281
44277
44280
66328
44425
44428
44429
44500
44494
44499
44837
66337
44832
44836
66339
44899
44902
44903
45514
45518
45519
45692
45688
45691
45789
45784
45788
45916
45911
45914
46182
46177
46181
47009
47004
47469
47464
47465
47468
47670
47674
47675
47676
47794
47793
48214
48215
48222
48224
48258
66410
48254
48257
48614
48609
48613
50123
50127
50128
50141
50142
50145
50146
50340
50341
50333
50334
50722
50726
50727
50942
50937
50941
51028
51029
51026
66466
51114
51291
51294
51295
51695
51696
51689
52178
52179
52172
52208
52202
52237
52238
52233
53452
53446
53451
66543
53645
53647
53648
53910
53904
53905
53909
54264
54259
54263
54385
54380
54384
54599
54600
54926
54931
54932
55424
55430
55431
55754
55755
55748
55749
55848
55849
55840
56201
56202
56197
57271
57264
58730
58726
58729
58714
66653
58708
58713
59411
59408
59410
59607
59608
59609
59599
60052
60047
60051
60578
60583
60915
60914
60956
60953
61745
66729
61741
61744
61970
61972
61973
62297
62292
62293
62296
62309
62304
62308
62360
62363
62371
62372
63451
63454
63455
63640
63626
63639
63729
63725
63728
64551
64546
64550
00841
00842
00903
00904
01578
01581
01582
01808
01803
01806
65050
01964
65051
01965
01959
02094
02098
02621
02624
02625
02876
02879
02880
04014
04016
04017
04122
04123
04117
04163
04164
04158
04293
04295
04296
04396
04397
65117
04391
05561
05565
05618
05621
05622
05919
05920
05914
06024
06028
06029
06048
06051
06052
65181
06162
06164
06165
65186
06316
06318
06319
07444
07451
07639
07642
07635
65259
07752
07756
07757
65264
08002
08007
65265
08012
08133
08135
08419
08420
08415
08790
08791
65292
08785
08822
08823
65303
09095
09089
09094
09202
09212
09214
09327
09328
09322
65321
09635
09639
09640
65326
09809
09811
09812
09839
09841
09842
09941
09943
09938
10022
10023
65334
10092
10095
10096
11010
11014
11015
11067
11063
11066
11153
11155
11146
11951
11952
11946
11947
12069
12065
12068
12194
12197
12198
12299
12300
12295
13021
13027
13248
13253
13423
13424
13418
13459
13463
13464
13747
13750
13751
65429
14315
14318
14319
14369
14373
14571
14572
15555
15550
15710
15712
15713
65477
16084
16086
16087
16101
16103
16104
16432
16435
16436
65494
16807
16810
16811
65499
16935
16936
16928
17161
17165
17166
65523
17380
17383
17384
17399
17400
17393
17995
17989
17994
18244
18247
18248
18261
18257
18572
18574
18577
18578
18903
18902
18986
18982
19091
19093
19094
65630
19168
19171
19172
19312
65637
19308
19311
19712
19713
19708
19972
19973
19975
65650
20011
20013
20014
20025
20026
20029
20030
20338
20341
20342
21033
21028
21312
21306
21834
21836
23281
23278
23489
23483
23708
23709
23706
65796
23811
23807
23810
65803
24175
24176
24169
24170
24386
24383
24830
24831
24832
24895
24891
24894
25055
25047
25048
65862
25852
25849
25851
26005
26008
26009
26223
26224
26217
26810
26804
26805
27322
27317
27318
27455
27456
27447
27800
27795
27801
27882
27883
27877
28587
28589
28590
28742
28748
28749
29331
29332
29410
29405
29406
29641
29635
30271
30267
30270
30321
30326
30327
30512
30513
30515
30516
30718
30719
31053
31056
31057
31495
31496
31488
31558
31560
31561
32123
32119
32477
32480
32481
66020
32540
32545
32547
66035
32866
32867
33344
33346
33340
33703
33704
66080
33699
34094
34095
34113
34116
34117
34275
34276
34270
66091
34356
34358
34359
34381
34382
34372
35608
35610
35611
36241
36233
36634
37025
37026
37064
37067
37068
37353
37348
66159
37615
37845
37840
37844
38241
38243
38235
39351
39354
39961
39962
39954
66255
40641
40642
40653
40656
40657
40768
40770
40762
40763
40810
40804
40809
41067
41069
41070
41171
42003
65575
42008
66279
42081
42082
42091
42404
42405
66287
42409
42410
42473
42474
42477
42478
42994
42990
42993
43561
66307
43556
43728
43732
43733
44135
44136
44129
44208
44204
44205
44207
44328
44569
44571
44572
44562
44565
44566
44633
44627
44632
44736
44740
44741
44868
66338
44869
44864
45063
45066
45067
45102
45103
45106
45112
45116
45117
45180
45176
45179
45366
45368
45369
66359
45573
45577
45723
45717
45722
45749
45744
45748
45970
45974
45975
46056
46057
46059
46060
46959
46964
46965
47241
47243
47244
47864
66403
47860
47863
47907
47913
48027
48031
48032
48498
48499
48492
48541
48544
48545
48713
48718
48719
66429
49431
49435
49436
49647
49650
49651
49735
49737
49731
49814
49808
66439
50010
50011
50012
50021
50023
50320
50323
50324
50442
50443
50438
50552
50555
51400
51407
51408
51479
51481
51552
66477
51547
51551
51936
51940
52292
52295
52296
52947
52942
66527
53021
53022
53156
53159
53160
53244
53246
53247
53828
53830
53831
53880
54179
54180
54174
66552
54299
54433
54430
54432
54460
54464
54964
54965
54966
54958
55126
55121
55124
55293
55674
55677
55678
55813
55814
55807
55980
55983
55984
55998
56002
56003
56037
56038
56033
66583
56110
56111
56254
66584
56250
56253
56347
56348
56471
56466
56974
56977
56978
57098
57099
57094
57240
57242
57243
57414
57416
57417
57733
57727
66602
57773
57776
57777
57846
57849
57850
57841
66608
57924
57927
57928
58015
58016
58007
58134
58135
58138
58139
58184
58187
58188
58432
58437
58439
66659
58950
58952
58953
59054
59057
59058
59109
59110
59854
59850
59853
60222
60223
60226
60227
60306
60307
60311
60312
60382
60384
60385
61366
61367
61369
61370
61371
61885
66735
61888
61889
62430
62425
62426
62777
62779
62780
62622
62616
62617
62755
62760
62761
62836
62837
66763
66764
62832
63503
63504
63500
63501
63615
66796
63611
63655
63658
63659
63852
63855
63856
64045
64048
64450
64449
00432
00434
00435
65010
00665
00667
00668
01161
01162
01251
01252
01247
01248
01249
02151
65058
02146
02147
02150
02612
02613
02615
02616
02705
02706
02700
03104
03107
03108
03457
03452
03518
03521
03522
04589
04590
04583
05688
05687
05795
05798
05876
05880
05881
06378
06379
06627
06630
06631
65212
06735
06737
06738
65226
07169
07170
07171
07172
07173
07164
07577
07579
07580
07679
07681
07682
07789
07791
07783
08169
08173
08174
65280
08444
08446
08447
09138
09129
09491
09492
09494
09495
09520
09522
09523
09738
09739
09741
09742
10312
10314
10315
10345
10525
10526
10519
10655
10656
10650
10690
10693
65359
10788
10791
10792
11090
11095
11096
65372
11381
11383
11384
11440
11443
11444
11472
11475
11476
11502
11530
11533
11534
12015
12019
12020
12075
12078
12079
13045
13048
13049
13533
13535
13536
14257
14266
14267
65433
14579
14583
14584
15216
15218
15219
15300
15302
15295
15478
15480
15481
65464
15586
15581
16167
16168
16162
16239
16241
16236
16237
16330
16326
16329
16342
16353
16356
16357
16358
16385
16389
16529
16531
16565
16568
16569
65518
17306
65547
17898
17899
17900
18117
18118
18111
18418
18421
18422
18722
18725
18726
19056
19057
19053
19228
19229
19225
19618
19621
19622
65656
20199
20200
20203
20630
20631
20624
20626
20769
20772
20927
21012
21014
21015
65685
21106
65699
21496
21490
22249
22251
22242
22414
22416
22458
22462
22488
22489
22484
23012
65762
23008
23201
23205
23859
23855
23843
23846
23847
23906
23910
23913
23989
23992
23993
24258
24259
24252
24257
65815
24517
24522
24684
24686
24687
65821
24745
24746
25174
25170
25172
25578
25575
25943
25944
25947
25948
26084
26085
26088
26089
26918
26921
65885
26961
26964
26965
27086
27087
27081
27098
27101
27102
27189
27191
27192
27378
27381
27382
27437
27438
27440
27441
65895
27636
27639
27664
27673
27825
27828
27829
65909
28262
28266
28267
28396
28397
28391
28885
28886
28879
28880
29617
29618
29620
29621
30177
30259
30262
30564
30749
30754
30755
31098
31259
31262
31264
65989
31571
31572
31567
31984
66006
31980
31983
66021
32556
32558
32559
66028
32726
32732
32735
32826
32829
32830
32879
32883
32884
66073
33378
33380
33769
33771
33807
33811
33812
66092
34399
34401
34402
34513
34515
34516
34546
34549
34550
34709
34704
35213
35215
35216
35547
35550
35886
35892
35893
35974
35970
66123
36120
36123
36124
36422
36418
36421
36716
36719
36720
37277
37278
37486
37487
37490
38849
38843
39363
39368
39380
39381
39384
39385
39429
39431
39432
39842
39844
39845
39876
39880
39881
40053
40056
40401
40409
66253
40580
41484
41486
41487
41978
41981
41982
42556
42560
42568
42570
42571
66291
42596
42597
42587
42674
42676
42677
43124
43383
43388
43699
43702
43703
66313
43811
43813
43814
44242
44236
44444
44447
44448
66341
44952
44955
44956
45326
45329
45330
45452
45454
45455
45869
45872
45873
46335
46336
46332
46591
46595
46596
46866
46869
46870
66384
47041
47303
47304
47306
47307
47334
47336
47337
47366
47360
47361
47386
47387
47452
47456
47457
47644
47738
66399
47735
47845
47849
47851
47842
48164
48172
48175
48336
48378
48375
48377
66412
48407
48411
48559
48562
48563
48892
48896
48897
49151
49155
49156
49323
49324
49941
49935
50247
50248
50252
50400
50401
50405
50537
50533
50536
50619
50622
50623
50829
50831
50832
50950
50953
50954
50959
50962
50964
51200
51204
51667
51661
51737
51738
51732
51733
51810
51805
51808
51956
51959
51960
52084
52085
52088
52089
52106
52109
52110
66502
52145
52146
52150
52354
52347
52440
52441
52442
52431
52432
52605
52608
52609
52766
52769
52770
52801
52802
53669
53675
54352
54611
54615
54616
55114
55542
55538
55556
55559
55560
55639
55643
55644
56050
56053
56054
56290
56283
56389
56393
56394
56428
56781
56786
56787
56877
56880
56881
57207
57209
57210
57211
57491
57492
57488
57614
57615
57616
57882
57883
57877
58277
58280
58281
58576
58577
58578
58581
58582
66650
58622
58625
58626
58912
58914
58915
66657
58898
58900
58902
59035
59036
59038
59039
59081
59082
59075
59236
66663
59237
59230
59726
59728
59729
59743
66676
59744
59740
59794
59796
59797
59832
59835
59836
60530
60531
60525
61445
61448
61449
66744
62198
62202
62203
62520
62523
62524
62577
62573
62576
62820
62823
62824
63123
63125
63126
63313
63315
63316
63379
63383
63557
63562
63563
63692
63694
66806
63823
63826
63827
63888
63890
63891
64006
64010
64011
64012
64013
64002
66039
01614
01615
02131
00337
00340
00341
00378
00383
00384
00691
00693
00694
00858
00870
00874
00893
01016
01021
01024
01322
01325
01327
01375
01381
01475
01478
01479
01514
01515
01509
01601
01604
01605
01651
01652
01653
01644
01645
01833
01838
01839
01877
01879
01880
01925
01927
65063
02275
02285
02562
02563
65081
02866
02869
02870
02914
02916
02972
02974
02975
03071
03072
03074
03157
03161
03203
03206
03207
03380
03387
03389
65098
03492
03495
03760
03763
04001
04007
04103
04105
04106
04229
04231
04232
04328
04329
04332
65116
04357
04360
04361
66040
06123
06124
04536
04537
05370
05371
05373
05374
05784
05850
05851
06146
06139
06145
06217
06218
06616
06619
06620
65224
07035
07037
07038
65246
07501
07503
07768
07771
07772
07884
07886
07876
08114
08109
08113
08181
08186
08187
65281
08471
08473
08474
08534
08537
08538
08548
08630
08633
08638
08640
08641
08646
08648
08649
08829
08830
65302
08984
08985
09224
09217
09219
65320
09630
09631
65322
09714
09717
10009
10012
10013
10603
10606
10607
10820
65360
10815
10816
11884
11879
65558
12108
12109
12102
12219
12221
12213
12408
65392
12405
12407
65393
12420
12421
12607
12610
12615
12619
12655
12656
12677
12679
12680
12703
12704
12697
12699
12813
12815
12988
12993
12994
13622
13624
13740
13736
14055
14057
14050
14130
14133
14160
14161
14164
65442
14740
14741
14732
15021
15025
15120
15114
15115
15143
15144
15146
15190
15192
15197
15199
15634
15637
15638
65466
15651
15846
15847
15848
15850
15901
15902
15906
15907
16006
16008
16009
16271
16273
16274
16399
16400
16645
16646
16705
16706
16708
16709
16985
16988
17042
17358
17359
65522
17363
17365
17459
18373
18376
18377
65606
18432
18477
18478
18481
18482
65614
18551
18556
18557
65633
19187
19189
19196
19197
19206
19207
19396
19508
19510
19659
19660
19744
19748
19817
19820
20321
20322
20317
20635
20636
20664
20667
20871
20872
21088
21091
21092
21359
21363
21372
21375
21376
21823
21825
21826
22513
22515
22516
22613
22615
22845
22847
22848
22931
23241
23246
23415
65778
23416
23411
23472
23475
24018
24021
24022
65802
24127
24133
24134
24138
24139
65805
24270
24274
24337
24371
24374
24375
24604
24597
24995
25427
25515
65850
25873
25876
26014
26017
26018
26140
26141
26593
27536
27537
27541
27542
27554
27555
27558
27559
65898
65899
27849
27850
28419
28420
65919
28678
28682
28683
29280
29283
29284
29797
29798
29845
29848
29849
29964
29966
29967
29981
29986
30218
30222
30223
30288
30289
65962
30524
30525
30527
30528
30877
30922
30926
31179
31185
31186
31349
31353
31447
31459
31462
31463
31595
31599
31600
31835
31837
31838
31886
31880
31885
32197
66009
33169
33171
33172
33246
33405
33406
33410
33425
33427
33429
33654
33657
33658
66100
34689
34691
34692
35197
35198
35192
35577
35581
35769
35770
35764
35806
35807
35930
35931
36461
36462
36455
36746
36749
36750
37005
37007
37008
37689
37690
38046
38048
38302
38303
38304
38397
38402
38645
38647
38648
38976
38980
39119
39120
39371
39374
39375
39681
39685
39686
40233
40236
40568
40569
40562
40662
40664
66054
42515
42516
41057
41059
41060
41081
41083
41084
41096
41098
41099
41583
41585
41655
41658
41659
66272
41695
41697
41698
42043
42216
42219
42220
42317
42318
42311
42380
42382
42543
42547
42666
42669
42670
42947
42946
43089
43090
43082
43260
43261
43372
43373
66309
43597
43599
43803
43806
43807
43995
43996
43992
44010
44011
44003
44004
44099
44102
44103
44150
44152
44153
44142
44145
44146
44222
44226
44227
44399
44402
66331
44540
44543
44544
44589
44593
44781
44783
44792
44795
44796
44908
44912
45053
45056
45057
45093
45096
45823
45825
45826
46494
46496
46497
46505
46506
46761
46762
46757
46794
46796
46797
46778
46783
47031
47033
47034
47061
47064
47066
66389
47223
47225
47275
47278
47279
47443
47447
47556
47561
47647
47651
47652
66407
48075
48076
48275
48276
48278
48279
48342
48343
48346
48687
48690
48691
49005
49006
48998
49344
49348
49349
49361
49364
49365
65577
49670
49671
49674
49675
50372
50371
50455
50459
50460
66458
50706
50708
50816
50818
50819
50903
50904
50898
51163
51165
51157
51277
51280
51281
51725
51726
51753
51756
51757
51873
51875
51876
52048
52050
52051
52075
52076
52167
52220
52221
52382
52376
52664
52668
52690
52694
52873
52876
52877
66526
53000
52995
53219
53223
53263
53266
53267
53346
53348
53461
53462
53464
53570
53625
53626
53739
53743
53744
53774
53777
53778
54011
54014
54006
54120
54123
54124
54367
54369
54370
54532
54535
54536
54765
54768
54789
66555
54791
54782
55190
55194
55195
56074
56075
56077
56078
56275
56279
56368
56369
56374
56483
56487
56488
56765
56774
57171
57174
57175
57328
57329
57370
57374
57375
57599
57603
57711
57712
57753
57755
57756
57747
57749
57750
57900
57901
57894
66628
58080
58074
58255
58257
58258
66649
58615
58616
58825
58828
58829
58837
58839
58840
58978
58983
59134
59138
59139
59351
59355
59385
59388
59389
60060
60061
60064
60164
60157
60730
60729
61241
61828
61831
62091
62093
62147
62150
66745
62193
62194
62195
62232
62235
62236
62343
62344
62345
62346
62349
62794
62795
62797
62942
62938
66772
62954
63601
63602
63604
63698
63782
63784
63785
63919
63922
63972
63978
65006
00587
00850
00851
00950
00951
01067
01069
01075
01078
01079
65020
01102
01106
01107
01127
01121
01228
01231
01267
01269
65037
01587
01625
02011
02013
02014
02432
02433
02435
02488
02491
02492
02652
02653
02646
02853
02856
03094
03317
03320
03767
03771
03801
03804
03805
04052
04054
04055
04131
04134
04138
04140
04141
04204
04205
04220
04222
04223
04303
04307
04367
04371
04372
04377
04379
04380
04973
04975
05024
05025
05218
05220
65149
05364
05991
05992
06007
06000
65180
06087
06301
06302
06790
06793
06794
06924
06927
06928
06976
06971
07115
07120
07116
07121
07117
07129
07131
07432
07434
07435
07516
07511
07513
07529
07531
07532
07627
07629
07630
07701
07705
07706
07717
07720
07721
07863
07865
07866
08091
08094
08095
08304
08308
08342
08345
08511
08516
08517
08776
08779
08780
08892
08894
08971
08974
09079
09084
09085
09263
09264
09504
09506
09507
65344
10254
10299
10301
10390
10392
10393
10610
10613
10614
10681
10683
10684
11113
11106
11107
11292
11293
11288
11412
11416
11421
11423
11424
11688
11692
11693
11932
11934
11935
11974
11978
11996
11999
12000
12007
12010
12026
12028
12160
12163
12164
12393
12395
12396
12640
12641
12757
12760
12761
12822
12825
12826
12863
12857
12858
12861
12944
12946
12947
13089
13090
13110
13113
13114
13225
13226
13227
13228
13502
13503
13512
13821
13824
13879
13883
14012
14014
14015
14104
14106
14107
14205
14392
14395
14396
14435
14436
14438
66042
15999
16000
14605
14607
14608
14637
14649
14650
14655
14657
14775
14776
14777
14778
14956
14957
14965
14967
14968
14980
14983
14984
15404
15407
15452
15453
15696
15698
65468
15752
15755
15877
15879
15880
15962
16117
16112
16116
16214
16219
16220
16318
16319
16505
16511
16543
16545
16546
16637
16639
16874
16879
16880
16958
16956
16957
17208
17213
17214
17520
17521
17513
17531
17535
17561
17563
17564
17888
17879
17889
65552
17965
17978
17979
18039
18041
18042
18043
18093
18094
18096
66043
18536
18537
18649
65617
18643
18731
18733
18734
18758
18760
18761
18860
18861
18948
19216
19217
19302
19303
19516
19854
19857
19932
19935
65649
19913
20114
20115
20258
20259
20261
20262
20458
20460
20515
66044
21571
21572
20842
20972
20973
21526
21528
21529
21840
21842
21843
21926
22018
22019
22012
65726
21998
22003
22193
22361
22363
22783
22775
22776
22977
22980
23038
23034
23434
23426
23649
23652
66045
24526
24527
24045
24047
24048
65804
24201
24203
24346
24348
24349
65814
24501
24503
24551
24554
24555
65841
25278
25281
25282
25352
25355
25356
25529
25721
26065
26066
26069
66046
27358
27359
65877
26472
26466
26467
26468
26486
65883
26934
26936
26937
27021
27023
27491
27492
27754
27747
27941
27944
27945
28069
28059
28088
28089
28096
28290
28295
28296
66047
28793
28794
28823
28826
28827
28816
28818
65925
29009
29011
29464
29467
29468
29899
29902
29903
29922
29925
30300
30304
30589
30603
30600
30601
66048
31103
31104
31082
31219
31222
31223
31234
31238
31239
31306
31302
66049
31586
31587
31621
31620
31690
31692
31693
32048
32051
32052
32096
32104
32279
32280
32423
32427
32530
32524
66022
32565
32567
32579
32573
32756
32758
32759
32914
32917
32918
33004
33005
33046
33047
33065
33068
33069
33521
33616
33610
33615
33855
33856
33883
33884
33982
33985
33986
66051
35900
35901
35309
35559
35560
35569
35571
35572
35681
35678
35934
35936
35937
35994
35991
36039
36042
36141
36145
36146
36401
36403
36404
36491
36803
36807
36808
36908
36910
36904
36974
36975
37307
37309
37310
66052
38268
38269
37649
37651
37652
37830
37832
37833
37940
37935
38213
38216
38375
38377
38378
38703
38706
38948
38874
38878
39068
39069
39072
39073
39078
39081
39082
66053
39556
39557
39200
39202
39203
39258
39288
39290
39291
39336
39339
39391
39392
39648
39651
39652
40246
40241
40104
40100
40344
40346
40347
40530
40725
40727
40728
40832
40833
41264
41266
41267
41563
41650
41707
41710
41776
41779
41780
41813
41815
41816
41901
41903
41904
41906
41907
42148
42508
42611
42763
42766
42767
43148
43151
43509
43512
43513
43542
43673
43677
43885
43883
43876
43947
43950
44021
44022
44024
44175
44171
44181
44182
44187
44189
44300
44302
44303
44489
44490
44525
44528
44529
44533
44536
44537
44555
44718
44720
44721
44813
44816
44817
44846
44848
44849
44959
44960
44961
44963
44972
44974
44975
45165
45167
45168
45197
45198
45199
45222
45224
45412
45415
45416
45421
45422
45424
45425
45470
45472
45473
45527
45532
66055
45600
45601
66360
45641
45654
45657
45658
45672
45673
45666
66056
47986
47987
45930
45935
45936
46167
46172
46173
46316
46318
46319
46576
46577
46579
46580
46608
46610
46611
46665
46929
46932
47079
47082
47083
66385
47097
47141
47142
47344
47346
47347
47481
47483
47484
47571
47574
47723
47726
47727
47808
47810
48300
48302
48303
48313
66417
48524
48526
48568
48571
48573
48737
66057
51429
51430
49091
49094
49418
49421
49461
49462
49465
49782
49785
49786
49890
49901
49904
50193
50194
50200
50201
50474
50583
50586
50587
51302
51305
51306
51314
51316
51317
51828
51830
51831
51797
51799
51800
51801
51985
51986
52127
52128
52182
52183
52188
52653
52654
52655
52656
53040
53042
53122
53125
53126
53181
53183
53203
53232
53235
53254
53257
53402
53407
53409
53853
53923
53925
53926
66549
54091
54094
54095
54141
54146
54192
54194
54195
54253
54254
54665
54672
54666
54806
54809
54810
54837
54831
54842
54844
54845
55325
55328
55630
55632
55870
55871
55916
55917
56116
56118
56119
56177
56179
56180
56358
56360
66058
58326
58327
56794
56797
56798
57254
57256
57257
57350
57353
57354
57394
57396
57397
57379
57385
57551
57552
57569
57571
57572
66596
66597
57607
57610
57821
57824
58246
58247
58666
58669
58747
58749
58750
58771
58773
58774
59004
59006
59125
59129
59672
59673
59668
59671
59841
59846
66684
59989
59993
59996
60074
60075
66059
60361
60362
60709
60969
66060
61564
61565
61137
61139
61140
61190
61192
61193
61223
61225
61226
66718
61248
61250
61251
66722
61511
61515
61591
61594
61595
61698
61702
66733
61849
61851
61871
61872
66061
63277
63278
62398
62491
62493
62784
62785
63045
63049
63050
63187
63189
63190